0
0
0
0
0
0
0
0
0
0
0
0
0
0
0
0
0
0
0
0
0
0
0
0
0
0
0
311
321
315
322
327
335
339
335
338
343
341
344
342
343
344
344
342
345
345
348
349
348
350
349
350
352
347
351
350
357
352
354
356
362
360
359
359
361
361
363
363
366
369
371
373
372
376
384
390
388
397
394
397
400
405
409
411
412
411
419
417
417
416
419
416
417
413
416
415
417
414
414
417
427
427
431
433
427
426
389
261
61
111
141
143
148
152
140
145
149
148
146
209
337
321
324
335
335
344
347
341
341
352
344
342
341
339
349
350
347
345
357
365
369
370
365
367
366
364
367
360
354
361
365
361
374
369
383
381
390
384
407
398
403
399
398
391
393
396
395
394
393
395
395
407
405
401
395
398
397
395
399
399
400
403
404
405
411
416
416
418
423
425
425
419
419
421
421
423
425
430
433
427
432
433
430
429
430
431
431
433
434
434
434
433
433
430
429
431
435
434
441
435
434
436
440
436
436
436
436
438
438
439
439
438
436
437
436
439
437
440
442
445
446
443
446
446
446
444
448
445
450
453